function [t,rates] = radioactive_emissions_data()

rates = [6.63253044925630  6.80614879111365  6.86028477619397  6.52309779058082  6.39230033363186  6.38661013966915  7.05845115136554  6.16829807085265  6.00351344089118  6.39422709341896  5.79193016199051  5.43797266295713  5.89049056444364  5.36035458279390  5.46064811673897  5.60123587936241  5.49084700808804  4.58527754080186  4.24298906893027  4.72457027051864  5.44322021315846  4.88126344339810  4.67082705577447  4.59180227062553  4.92143755062626  4.60573797300710  4.58129383382711  3.63610893578879  4.21626161228591  4.21168562815192  3.84363555104245  4.06026125236109  3.79641275287665  4.23120276888883  3.67667638122161  4.25072325445074  3.73005846876053  3.98749173986621  4.39932768718914  3.58565826062249  4.01253628223785  3.08213946944757  4.01006262894504  2.92353882365979  3.25736671066452  3.11457140208251  2.78196639350914  2.67579674506222  3.28901151931973  2.54646549820226  2.51334516095121  3.30419179588566  2.87295217268468  2.95425712623758  2.47227693019628  2.66614790107327  2.79249705286306  2.70088950278273  3.20844450956595  2.34556743474619  2.46472902032179  2.75732008866653  2.75604880179715  1.72262635060976  2.22111514268125  2.08557547992298  2.27214959636982  2.41532116618796  2.35458411475540  2.55503292988277  2.28371974444572  2.20372402794984  2.38351743207290  2.17387009255464  1.54442365559464  1.99934259663050  1.36715000360606  2.27566616395249  1.15016814194301  1.64921283673790  1.83802663064804  1.76329986321680  2.38729439399878  1.73724008847187  1.48141714491282  1.86194599528396  1.22475646261059  1.79357610002766  1.66704797701799  1.42219987872344  1.31866943495991  1.10025156195727  0.84159830282871  1.31178400320663  1.69627891308276  1.16574492925101  1.92410722784642  1.06053435899086  2.06804696378771  1.08279716560129  1.33023367380592  1.76305618398518  1.67356109473977  0.97599121759406  1.46443141412217  0.81448976206322  0.59376260461784  1.37926119053803  0.54741269402229  0.38988284865636  1.07805525108967  1.55155162118209  1.47671624470138  0.53687551896270  1.04069007503152  1.28409329531839  1.32560851278127  1.50880204900877  1.50140028940565  1.23740384258110  0.44638542839842  0.92891113578817  0.43119650640831  1.30481197725399  1.46331848598183  0.17618806563491  1.12668455565243  0.71220796468266  0.65263732921869  0.49945210104077  1.21813482872024  0.90589626258700  0.72244493225519  0.89218536773875  1.08248433011913  0.43022324715211  0.44373747818848  0.93628535175845  1.22978197298253  1.10436228594161  0.62883116200570  0.20435303518814  -0.15020026732593  0.32069850956565  1.00933402414945  0.42830047560697  0.70136429964065  0.66729831596729  -0.16376491090011  1.00092137348738  1.25449630443768  0.54356724867963  0.88715902839427  0.28114601835276  0.73247564677308  1.24297242550618  0.95850071360674  0.26611020224890  0.14913647986096  0.50571488319717  0.39905413852950  ]';
t = [0.00000000000000  0.50000000000000  1.00000000000000  1.50000000000000  2.00000000000000  2.50000000000000  3.00000000000000  3.50000000000000  4.00000000000000  4.50000000000000  5.00000000000000  5.50000000000000  6.00000000000000  6.50000000000000  7.00000000000000  7.50000000000000  8.00000000000000  8.50000000000000  9.00000000000000  9.50000000000000  10.00000000000000  10.50000000000000  11.00000000000000  11.50000000000000  12.00000000000000  12.50000000000000  13.00000000000000  13.50000000000000  14.00000000000000  14.50000000000000  15.00000000000000  15.50000000000000  16.00000000000000  16.50000000000000  17.00000000000000  17.50000000000000  18.00000000000000  18.50000000000000  19.00000000000000  19.50000000000000  20.00000000000000  20.50000000000000  21.00000000000000  21.50000000000000  22.00000000000000  22.50000000000000  23.00000000000000  23.50000000000000  24.00000000000000  24.50000000000000  25.00000000000000  25.50000000000000  26.00000000000000  26.50000000000000  27.00000000000000  27.50000000000000  28.00000000000000  28.50000000000000  29.00000000000000  29.50000000000000  30.00000000000000  30.50000000000000  31.00000000000000  31.50000000000000  32.00000000000000  32.50000000000000  33.00000000000000  33.50000000000000  34.00000000000000  34.50000000000000  35.00000000000000  35.50000000000000  36.00000000000000  36.50000000000000  37.00000000000000  37.50000000000000  38.00000000000000  38.50000000000000  39.00000000000000  39.50000000000000  40.00000000000000  40.50000000000000  41.00000000000000  41.50000000000000  42.00000000000000  42.50000000000000  43.00000000000000  43.50000000000000  44.00000000000000  44.50000000000000  45.00000000000000  45.50000000000000  46.00000000000000  46.50000000000000  47.00000000000000  47.50000000000000  48.00000000000000  48.50000000000000  49.00000000000000  49.50000000000000  50.00000000000000  50.50000000000000  51.00000000000000  51.50000000000000  52.00000000000000  52.50000000000000  53.00000000000000  53.50000000000000  54.00000000000000  54.50000000000000  55.00000000000000  55.50000000000000  56.00000000000000  56.50000000000000  57.00000000000000  57.50000000000000  58.00000000000000  58.50000000000000  59.00000000000000  59.50000000000000  60.00000000000000  60.50000000000000  61.00000000000000  61.50000000000000  62.00000000000000  62.50000000000000  63.00000000000000  63.50000000000000  64.00000000000000  64.50000000000000  65.00000000000000  65.50000000000000  66.00000000000000  66.50000000000000  67.00000000000000  67.50000000000000  68.00000000000000  68.50000000000000  69.00000000000000  69.50000000000000  70.00000000000000  70.50000000000000  71.00000000000000  71.50000000000000  72.00000000000000  72.50000000000000  73.00000000000000  73.50000000000000  74.00000000000000  74.50000000000000  75.00000000000000  75.50000000000000  76.00000000000000  76.50000000000000  77.00000000000000  77.50000000000000  78.00000000000000  78.50000000000000  79.00000000000000  79.50000000000000  80.00000000000000  ]';

end
